20 20
21 20
22 20
19 21
20 21
21 21
40 20
41 20
42 20
20 40
20 41
21 40
23 42
22 43
23 43
60 20
61 20
62 20
60 21
62 21
60 22
61 22
62 22
60 23
61 23
62 23
60 24
61 24
62 24
60 25
61 25
62 25
60 26
62 26
60 27
61 27
62 27
62 40
63 40
64 40
68 40
69 40
70 40
60 42
65 42
67 42
72 42
60 43
65 43
67 43
72 43
60 44
65 44
67 44
72 44
62 45
63 45
64 45
68 45
69 45
70 45
62 47
63 47
64 47
68 47
69 47
70 47
60 48
65 48
67 48
72 48
60 49
65 49
67 49
72 49
60 50
65 50
67 50
72 50
62 52
63 52
64 52
68 52
69 52
70 52
